0 0.337607 0.219181 0.032703 0.062120
0 0.331315 0.154417 0.028057 0.048574
0 0.333812 0.094384 0.022250 0.039120
0 0.381276 0.089620 0.023635 0.037833
1 0.292471 0.073106 0.024911 0.046787
0 0.359742 0.053194 0.018661 0.030315
0 0.324682 0.048611 0.018073 0.029333
0 0.293734 0.033083 0.015260 0.025019
0 0.317870 0.016694 0.012073 0.018019
0 0.317174 0.006324 0.013464 0.012648
0 0.338393 0.004134 0.011891 0.008269
0 0.241547 0.158273 0.029292 0.057491
0 0.262568 0.615713 0.087740 0.184463
0 0.493078 0.769537 0.092604 0.290556
