0 0.337586 0.215505 0.032349 0.061287
0 0.331240 0.151912 0.027771 0.048120
0 0.333622 0.092806 0.022047 0.038815
0 0.380573 0.088134 0.023448 0.037583
1 0.292464 0.072028 0.024802 0.046463
0 0.359312 0.052106 0.018542 0.030102
0 0.324469 0.047500 0.017948 0.029185
0 0.293766 0.032495 0.015104 0.024843
0 0.317755 0.016130 0.011937 0.018000
0 0.317083 0.006014 0.013281 0.012028
0 0.338255 0.003796 0.011615 0.007593
0 0.241549 0.158255 0.029286 0.057491
0 0.267461 0.597750 0.085182 0.178685
0 0.492956 0.759162 0.091411 0.284546
