0 0.337622 0.222852 0.033057 0.062963
0 0.331393 0.156921 0.028339 0.049028
0 0.334003 0.095963 0.022453 0.039426
0 0.381979 0.091106 0.023823 0.038083
1 0.292479 0.074185 0.025021 0.047111
0 0.360172 0.054282 0.018781 0.030528
0 0.324896 0.049722 0.018198 0.029481
0 0.293703 0.033671 0.015417 0.025194
0 0.317984 0.017259 0.012208 0.018037
0 0.317266 0.006634 0.013646 0.013269
0 0.338534 0.004477 0.012172 0.008954
0 0.241544 0.158287 0.029286 0.057500
0 0.257672 0.633671 0.090292 0.190231
0 0.493203 0.779907 0.093792 0.296574
