0 0.143625 0.937167 0.126312 0.125667
0 0.282924 0.522537 0.075432 0.154000
0 0.338995 0.265106 0.038406 0.077750
0 0.439302 0.232032 0.038896 0.071306
1 0.289266 0.172343 0.037198 0.074574
0 0.402008 0.143384 0.029422 0.050083
0 0.340477 0.160731 0.029984 0.053907
0 0.293805 0.088519 0.021349 0.034444
0 0.329688 0.066620 0.015937 0.031574
0 0.292227 0.052361 0.017943 0.029537
0 0.327279 0.044398 0.017839 0.027130
0 0.361432 0.050370 0.018490 0.028148
0 0.319615 0.015880 0.014000 0.023426
0 0.341711 0.008426 0.012828 0.016852
0 0.241409 0.159264 0.029286 0.057491
