0 0.201810 0.804833 0.123161 0.263556
0 0.301034 0.442153 0.062359 0.126676
0 0.340203 0.234694 0.035479 0.068741
0 0.431701 0.210769 0.036964 0.066389
1 0.289922 0.157269 0.035510 0.070241
0 0.395430 0.130690 0.027630 0.045269
0 0.339146 0.142204 0.027323 0.049481
0 0.293820 0.080611 0.020516 0.032889
0 0.327810 0.059329 0.015391 0.029824
0 0.292154 0.047014 0.017651 0.028694
0 0.326076 0.038727 0.017109 0.025898
0 0.358086 0.042741 0.017099 0.026907
0 0.318776 0.012412 0.013854 0.022324
0 0.340049 0.006213 0.012224 0.012426
0 0.241424 0.159153 0.029286 0.057491
