0 0.164687 0.889167 0.140208 0.221667
0 0.290685 0.488088 0.069828 0.142287
0 0.339727 0.251639 0.037151 0.073889
0 0.436044 0.222917 0.038068 0.069204
1 0.289547 0.165880 0.036469 0.072722
0 0.399190 0.137944 0.028651 0.048019
0 0.339906 0.152792 0.028844 0.052009
0 0.293812 0.085130 0.020990 0.033778
0 0.328883 0.063495 0.015703 0.030824
0 0.292195 0.050069 0.017818 0.029176
0 0.326763 0.041968 0.017526 0.026602
0 0.359997 0.047102 0.017891 0.027611
0 0.319255 0.014394 0.013937 0.022954
0 0.340997 0.007477 0.012568 0.014954
0 0.241414 0.159218 0.029286 0.057491
