0 0.277599 0.548245 0.078615 0.157435
0 0.320323 0.335037 0.047188 0.091815
0 0.340698 0.191278 0.031594 0.059648
0 0.418698 0.177338 0.033219 0.057417
1 0.290904 0.133324 0.032370 0.064019
0 0.385484 0.109579 0.024990 0.040880
0 0.336461 0.114144 0.024880 0.043157
0 0.293570 0.067514 0.019078 0.032306
0 0.324966 0.047120 0.014547 0.026407
0 0.292310 0.038472 0.016682 0.026500
0 0.323966 0.028796 0.016422 0.024037
0 0.352701 0.031505 0.015557 0.024472
0 0.317503 0.008259 0.013745 0.016519
0 0.241451 0.158958 0.029286 0.057491
