0 0.182797 0.862407 0.134302 0.275185
0 0.295859 0.465120 0.066094 0.134481
0 0.340216 0.242657 0.036318 0.071315
0 0.433872 0.216843 0.037516 0.067796
1 0.289734 0.161574 0.035990 0.071481
0 0.397310 0.134315 0.028141 0.046648
0 0.339526 0.147495 0.028083 0.050750
0 0.293818 0.082870 0.020750 0.033333
0 0.328346 0.061412 0.015547 0.030324
0 0.292174 0.048542 0.017734 0.028935
0 0.326419 0.040347 0.017318 0.026250
0 0.359042 0.044921 0.017490 0.027269
0 0.319016 0.013403 0.013896 0.022639
0 0.340523 0.006847 0.012391 0.013694
0 0.241419 0.159181 0.029286 0.057491
