0 0.182659 0.860421 0.137401 0.279157
0 0.326961 0.363542 0.050380 0.104880
0 0.456443 0.291833 0.044031 0.088296
1 0.284081 0.216204 0.043953 0.087556
0 0.418721 0.179153 0.033703 0.057176
0 0.342654 0.216347 0.035016 0.067046
0 0.293339 0.109847 0.023052 0.038120
0 0.334010 0.088556 0.017875 0.034037
0 0.291924 0.066810 0.020068 0.032454
0 0.330044 0.060611 0.019703 0.029778
0 0.370458 0.069593 0.019438 0.030963
0 0.320859 0.026231 0.015552 0.025056
0 0.346815 0.017389 0.013953 0.022370
0 0.241409 0.159264 0.029286 0.057491
