0 0.335552 0.254134 0.035917 0.069250
0 0.331578 0.177028 0.029802 0.052833
0 0.335833 0.107968 0.023250 0.041657
0 0.387115 0.102810 0.025271 0.041120
1 0.292526 0.082537 0.026115 0.048778
0 0.363461 0.062370 0.019495 0.031407
0 0.326656 0.057778 0.019354 0.031519
0 0.293609 0.038593 0.016198 0.026037
0 0.318693 0.021185 0.012281 0.020222
0 0.293411 0.018162 0.013437 0.020954
0 0.318263 0.009250 0.014203 0.016000
0 0.340414 0.007606 0.013026 0.013213
0 0.241529 0.158403 0.029286 0.057491
0 0.210753 0.797394 0.118922 0.262861
0 0.492948 0.848773 0.103281 0.302454
