0 0.308682 0.423389 0.057240 0.116519
0 0.327089 0.274556 0.039271 0.075926
0 0.340214 0.161963 0.028542 0.053537
0 0.408685 0.152648 0.031349 0.052630
1 0.291852 0.115815 0.030266 0.058833
0 0.378201 0.093889 0.023422 0.037352
0 0.333805 0.094736 0.023016 0.038509
0 0.293307 0.058394 0.018302 0.029565
0 0.322841 0.038694 0.013682 0.025278
0 0.292518 0.031736 0.015276 0.024213
0 0.322195 0.021713 0.015630 0.022722
0 0.348703 0.022565 0.014813 0.023426
0 0.316750 0.005926 0.012437 0.011852
0 0.241474 0.158801 0.029292 0.057491
