0 0.336250 0.244931 0.035083 0.067435
0 0.331539 0.171162 0.029411 0.051713
0 0.335286 0.104491 0.023052 0.041019
0 0.385638 0.099403 0.024849 0.040194
1 0.292513 0.080111 0.025786 0.048333
0 0.362508 0.060037 0.019297 0.031185
0 0.326141 0.055463 0.019010 0.030889
0 0.293630 0.037148 0.015990 0.025815
0 0.318495 0.020065 0.012302 0.019500
0 0.293432 0.017079 0.013437 0.020713
0 0.317961 0.008481 0.014078 0.015296
0 0.339833 0.006676 0.012833 0.012019
0 0.241534 0.158366 0.029286 0.057491
0 0.226898 0.743736 0.109255 0.237306
0 0.493586 0.838278 0.099984 0.323444
