0 0.311026 0.412819 0.055490 0.113250
0 0.327576 0.269167 0.038484 0.074444
0 0.340154 0.159093 0.028234 0.052926
0 0.407693 0.150208 0.031177 0.052176
1 0.291948 0.114088 0.030063 0.058306
0 0.377479 0.092338 0.023271 0.036991
0 0.333534 0.092824 0.022828 0.038056
0 0.293281 0.057500 0.018229 0.029259
0 0.322630 0.037870 0.013594 0.025185
0 0.292539 0.031065 0.015130 0.023981
0 0.322018 0.021019 0.015547 0.022593
0 0.348307 0.021667 0.014740 0.023333
0 0.316677 0.005699 0.012292 0.011398
0 0.241477 0.158782 0.029286 0.057491
