0 0.210154 0.776454 0.118266 0.250111
0 0.303620 0.430667 0.060490 0.122778
0 0.340198 0.230708 0.035063 0.067454
0 0.430615 0.207731 0.036688 0.065685
1 0.290018 0.155111 0.035266 0.069630
0 0.394490 0.128875 0.027375 0.044583
0 0.338956 0.139556 0.026943 0.048852
0 0.293823 0.079481 0.020396 0.032667
0 0.327542 0.058287 0.015313 0.029574
0 0.292143 0.046250 0.017609 0.028574
0 0.325904 0.037917 0.017005 0.025722
0 0.357607 0.041653 0.016901 0.026731
0 0.318656 0.011917 0.013833 0.022167
0 0.339813 0.005898 0.012135 0.011796
0 0.241427 0.159134 0.029292 0.057491
