0 0.272844 0.564880 0.081479 0.164019
0 0.319237 0.342472 0.048016 0.094389
0 0.340641 0.194773 0.031885 0.060231
0 0.419781 0.180037 0.033542 0.058185
1 0.290826 0.135264 0.032641 0.064509
0 0.386276 0.111319 0.025198 0.041139
0 0.336698 0.116380 0.025021 0.043648
0 0.293599 0.068593 0.019198 0.032296
0 0.325193 0.048130 0.014615 0.026704
0 0.292289 0.039167 0.016776 0.026704
0 0.324143 0.029630 0.016464 0.024185
0 0.353133 0.032366 0.015651 0.024694
0 0.317604 0.008556 0.013750 0.017111
0 0.241448 0.158977 0.029292 0.057491
