0 0.209346 0.779944 0.122995 0.257593
0 0.330268 0.341593 0.047776 0.098167
0 0.453320 0.279583 0.042807 0.084963
1 0.285646 0.207384 0.042521 0.085028
0 0.415320 0.172042 0.033161 0.055509
0 0.342315 0.204880 0.033807 0.063815
0 0.293273 0.105454 0.022432 0.037352
0 0.333229 0.084347 0.017531 0.033176
0 0.291893 0.063894 0.019630 0.032009
0 0.329482 0.057389 0.019422 0.029333
0 0.368771 0.065745 0.019250 0.030157
0 0.320680 0.024134 0.015193 0.025028
0 0.345760 0.015222 0.013781 0.021926
0 0.241409 0.159264 0.029286 0.057491
