0 0.336596 0.240329 0.034661 0.066528
0 0.331523 0.168227 0.029214 0.051157
0 0.335013 0.102755 0.022953 0.040694
0 0.384898 0.097704 0.024641 0.039722
1 0.292508 0.078898 0.025620 0.048111
0 0.362031 0.058870 0.019198 0.031074
0 0.325883 0.054306 0.018839 0.030574
0 0.293641 0.036426 0.015885 0.025704
0 0.318396 0.019505 0.012312 0.019139
0 0.293443 0.016537 0.013437 0.020611
0 0.317810 0.008097 0.014016 0.014954
0 0.339544 0.006213 0.012734 0.011426
0 0.241536 0.158347 0.029292 0.057491
0 0.234971 0.716907 0.104422 0.224519
0 0.493906 0.833028 0.098333 0.333944
