0 0.334161 0.272542 0.037594 0.072880
0 0.331648 0.188764 0.030589 0.055065
0 0.336927 0.114917 0.023646 0.042944
0 0.390068 0.109620 0.026115 0.042981
1 0.292555 0.087384 0.026766 0.049676
0 0.365367 0.067037 0.019891 0.031852
0 0.327687 0.062407 0.020042 0.032778
0 0.293568 0.041481 0.016615 0.026481
0 0.319089 0.023426 0.012240 0.021667
0 0.293365 0.020324 0.013437 0.021426
0 0.318867 0.010787 0.014453 0.017407
0 0.341576 0.009468 0.013411 0.015602
0 0.241521 0.158463 0.029292 0.057500
0 0.175753 0.881954 0.138276 0.236093
0 0.491672 0.869769 0.109885 0.260463
