0 0.140516 0.950546 0.120615 0.098907
0 0.316078 0.424611 0.058938 0.124056
0 0.463445 0.321565 0.046703 0.097000
1 0.280003 0.238102 0.047870 0.094426
0 0.426633 0.196245 0.035234 0.061176
0 0.342656 0.246426 0.038104 0.074111
0 0.293281 0.120699 0.024615 0.040046
0 0.335677 0.098750 0.018708 0.036019
0 0.292044 0.073856 0.020870 0.033343
0 0.331273 0.068644 0.020245 0.031065
0 0.374513 0.078875 0.020391 0.032509
0 0.321531 0.031306 0.016073 0.025704
0 0.349221 0.022583 0.014401 0.023241
0 0.241409 0.159264 0.029286 0.057491
