0 0.192786 0.836676 0.132448 0.279796
0 0.328062 0.356222 0.049510 0.102648
0 0.455401 0.287750 0.043625 0.087185
1 0.284604 0.213264 0.043479 0.086713
0 0.417589 0.176782 0.033521 0.056620
0 0.342539 0.212523 0.034609 0.065972
0 0.293315 0.108384 0.022849 0.037861
0 0.333750 0.087153 0.017760 0.033750
0 0.291914 0.065838 0.019922 0.032306
0 0.329857 0.059537 0.019609 0.029630
0 0.369896 0.068310 0.019375 0.030694
0 0.320799 0.025532 0.015432 0.025046
0 0.346464 0.016667 0.013896 0.022222
0 0.241409 0.159264 0.029286 0.057491
