0 0.244159 0.663157 0.100984 0.207537
0 0.334659 0.308736 0.043818 0.088713
0 0.448018 0.260273 0.041047 0.079565
1 0.287622 0.193324 0.040307 0.080907
0 0.409937 0.160620 0.031979 0.053093
0 0.341677 0.186875 0.032083 0.059250
0 0.293328 0.098546 0.021719 0.036167
0 0.331896 0.077435 0.016937 0.032167
0 0.291935 0.059250 0.018943 0.031167
0 0.328591 0.052213 0.018880 0.028537
0 0.365953 0.059593 0.018948 0.029111
0 0.320323 0.020806 0.014667 0.024685
0 0.344107 0.011898 0.013453 0.021019
0 0.241409 0.159264 0.029286 0.057491
