0 0.246484 0.704301 0.108521 0.231880
0 0.480086 0.413861 0.055307 0.126944
1 0.259065 0.317468 0.063234 0.121435
0 0.447430 0.247935 0.040349 0.074019
0 0.333607 0.363972 0.052182 0.106333
0 0.292135 0.155111 0.028250 0.046481
0 0.340193 0.133139 0.021198 0.042685
0 0.292513 0.095125 0.022953 0.037824
0 0.334581 0.093949 0.022776 0.036028
0 0.387625 0.107417 0.023542 0.038056
0 0.324148 0.045972 0.017036 0.029759
0 0.356169 0.039352 0.016599 0.026074
0 0.313688 0.004426 0.011552 0.008852
0 0.241409 0.159264 0.029286 0.057491
