0 0.152693 0.917083 0.136115 0.165833
0 0.322555 0.392806 0.053859 0.113833
0 0.460607 0.308171 0.045661 0.092731
1 0.281995 0.227958 0.045865 0.090935
0 0.423255 0.188639 0.034427 0.059389
0 0.343102 0.231639 0.036620 0.071352
0 0.293424 0.115708 0.023880 0.039139
0 0.335052 0.094167 0.018333 0.035185
0 0.291966 0.070704 0.020651 0.033037
0 0.330797 0.064907 0.020073 0.030370
0 0.372708 0.074722 0.019687 0.032037
0 0.321099 0.029028 0.016031 0.025093
0 0.348221 0.020278 0.014182 0.022963
0 0.241409 0.159264 0.029286 0.057491
