0 0.238505 0.683750 0.104906 0.215907
0 0.334115 0.314190 0.044490 0.090083
0 0.449107 0.263801 0.041318 0.080602
1 0.287417 0.195944 0.040698 0.081704
0 0.410930 0.162778 0.032297 0.053463
0 0.341828 0.190144 0.032344 0.059917
0 0.293268 0.099801 0.021766 0.036380
0 0.332172 0.078787 0.017062 0.032241
0 0.291898 0.060111 0.019068 0.031370
0 0.328755 0.053190 0.019010 0.028713
0 0.366518 0.060745 0.019005 0.029231
0 0.320411 0.021421 0.014750 0.024843
0 0.344406 0.012477 0.013531 0.021250
0 0.241409 0.159264 0.029286 0.057491
