0 0.335901 0.249532 0.035500 0.068343
0 0.331560 0.174097 0.029609 0.052269
0 0.335560 0.106231 0.023151 0.041333
0 0.386375 0.101106 0.025063 0.040657
1 0.292521 0.081324 0.025948 0.048556
0 0.362984 0.061204 0.019396 0.031296
0 0.326398 0.056620 0.019182 0.031204
0 0.293620 0.037870 0.016094 0.025926
0 0.318594 0.020625 0.012292 0.019861
0 0.293422 0.017620 0.013437 0.020833
0 0.318112 0.008866 0.014141 0.015657
0 0.340125 0.007144 0.012927 0.012620
0 0.241531 0.158384 0.029292 0.057491
0 0.218826 0.770565 0.114089 0.250074
0 0.493268 0.843523 0.101630 0.312954
