0 0.192836 0.864301 0.143172 0.271398
0 0.484682 0.452898 0.059094 0.140389
1 0.246445 0.356569 0.071536 0.137472
0 0.454906 0.268509 0.042531 0.080444
0 0.323536 0.428764 0.061219 0.126287
0 0.291336 0.170597 0.030370 0.049991
0 0.342039 0.148347 0.022682 0.046231
0 0.292440 0.104491 0.023682 0.039574
0 0.335911 0.104319 0.023615 0.038102
0 0.393057 0.118898 0.024854 0.040111
0 0.325062 0.051968 0.017469 0.030861
0 0.359281 0.045833 0.017229 0.026593
0 0.314128 0.006023 0.012432 0.012046
0 0.241409 0.159264 0.029286 0.057491
