0 0.217180 0.754745 0.118276 0.246491
0 0.331370 0.334278 0.046906 0.095926
0 0.452279 0.275500 0.042401 0.083852
1 0.286169 0.204449 0.042047 0.084176
0 0.414187 0.169671 0.032979 0.054954
0 0.342201 0.201056 0.033411 0.062741
0 0.293253 0.103986 0.022224 0.037102
0 0.332969 0.082944 0.017417 0.032889
0 0.291883 0.062917 0.019484 0.031870
0 0.329294 0.056315 0.019328 0.029185
0 0.368208 0.064463 0.019188 0.029889
0 0.320620 0.023435 0.015073 0.025019
0 0.345409 0.014500 0.013724 0.021778
0 0.241409 0.159264 0.029286 0.057491
