0 0.299310 0.465653 0.064245 0.129620
0 0.325135 0.296093 0.042417 0.081852
0 0.340453 0.173440 0.029771 0.055991
0 0.412654 0.162421 0.032036 0.054417
1 0.291466 0.122731 0.031078 0.060926
0 0.381086 0.100088 0.024026 0.038806
0 0.334880 0.102366 0.023781 0.040361
0 0.293411 0.061968 0.018594 0.030787
0 0.323685 0.041991 0.014036 0.025648
0 0.292435 0.034421 0.015859 0.025139
0 0.322904 0.024491 0.015964 0.023241
0 0.350286 0.026157 0.015104 0.023796
0 0.317039 0.006833 0.013016 0.013667
0 0.241464 0.158866 0.029292 0.057491
