0 0.336945 0.235727 0.034245 0.065620
0 0.331505 0.165296 0.029021 0.050593
0 0.334740 0.101019 0.022854 0.040370
0 0.384161 0.096000 0.024427 0.039259
1 0.292500 0.077690 0.025458 0.047880
0 0.361555 0.057704 0.019099 0.030963
0 0.325625 0.053148 0.018667 0.030259
0 0.293651 0.035704 0.015781 0.025593
0 0.318297 0.018944 0.012323 0.018778
0 0.293453 0.015995 0.013438 0.020491
0 0.317659 0.007713 0.013953 0.014593
0 0.339253 0.005745 0.012641 0.010824
0 0.241539 0.158338 0.029286 0.057491
0 0.240906 0.695148 0.100563 0.215019
0 0.493711 0.818782 0.097214 0.323491
