0 0.232852 0.704343 0.108828 0.224278
0 0.333573 0.319644 0.045167 0.091454
0 0.450198 0.267333 0.041583 0.081630
1 0.287211 0.198569 0.041089 0.082491
0 0.411919 0.164931 0.032620 0.053843
0 0.341977 0.193407 0.032609 0.060593
0 0.293208 0.101056 0.021812 0.036593
0 0.332448 0.080139 0.017188 0.032315
0 0.291862 0.060972 0.019193 0.031574
0 0.328919 0.054167 0.019141 0.028889
0 0.367083 0.061898 0.019063 0.029352
0 0.320500 0.022037 0.014833 0.025000
0 0.344706 0.013056 0.013609 0.021481
0 0.241409 0.159264 0.029286 0.057491
