0 0.201065 0.808310 0.127724 0.268694
0 0.329167 0.348907 0.048646 0.100407
0 0.454362 0.283667 0.043214 0.086074
1 0.285125 0.210324 0.043000 0.085870
0 0.416456 0.174412 0.033339 0.056065
0 0.342427 0.208704 0.034208 0.064889
0 0.293294 0.106917 0.022641 0.037611
0 0.333490 0.085750 0.017646 0.033463
0 0.291904 0.064866 0.019776 0.032157
0 0.329669 0.058463 0.019516 0.029481
0 0.369333 0.067028 0.019312 0.030426
0 0.320740 0.024833 0.015312 0.025037
0 0.346112 0.015944 0.013839 0.022074
0 0.241409 0.159264 0.029286 0.057491
