0 0.337294 0.231125 0.033828 0.064713
0 0.331487 0.162361 0.028818 0.050037
0 0.334466 0.099282 0.022755 0.040046
0 0.383422 0.094296 0.024219 0.038796
1 0.292492 0.076477 0.025297 0.047657
0 0.361078 0.056537 0.019000 0.030852
0 0.325367 0.051991 0.018495 0.029944
0 0.293661 0.034981 0.015677 0.025481
0 0.318198 0.018384 0.012333 0.018417
0 0.293464 0.015454 0.013438 0.020370
0 0.317508 0.007333 0.013891 0.014241
0 0.338964 0.005282 0.012542 0.010231
0 0.241542 0.158319 0.029292 0.057491
0 0.246841 0.673384 0.096703 0.205509
0 0.493518 0.804528 0.096099 0.313037
