0 0.285747 0.518417 0.073453 0.146611
0 0.322154 0.321301 0.045568 0.087769
0 0.340695 0.184912 0.030995 0.058454
0 0.416622 0.172190 0.032724 0.056213
1 0.291078 0.129653 0.031896 0.063009
0 0.383971 0.106287 0.024630 0.040259
0 0.335958 0.110000 0.024542 0.042204
0 0.293516 0.065542 0.018885 0.032009
0 0.324529 0.045287 0.014391 0.026019
0 0.292352 0.037106 0.016443 0.026065
0 0.323612 0.027269 0.016297 0.023759
0 0.351870 0.029750 0.015396 0.024167
0 0.317328 0.007736 0.013594 0.015472
0 0.241456 0.158931 0.029286 0.057491
