0 0.233188 0.698704 0.104792 0.215333
0 0.310232 0.399120 0.055505 0.112389
0 0.340245 0.219250 0.033937 0.064296
0 0.427362 0.198954 0.035807 0.063519
1 0.290281 0.148866 0.034510 0.067898
0 0.391818 0.123505 0.026656 0.042954
0 0.338341 0.132028 0.026036 0.047093
0 0.293799 0.076144 0.020036 0.032231
0 0.326779 0.055194 0.015089 0.028778
0 0.292143 0.044028 0.017432 0.028130
0 0.325383 0.035463 0.016755 0.025222
0 0.356172 0.038380 0.016302 0.026204
0 0.318315 0.010630 0.013786 0.021259
0 0.339099 0.004949 0.011875 0.009898
0 0.241432 0.159088 0.029292 0.057491
