0 0.268091 0.581514 0.084349 0.170602
0 0.318151 0.349907 0.048844 0.096963
0 0.340586 0.198269 0.032182 0.060815
0 0.420865 0.182741 0.033865 0.058944
1 0.290747 0.137208 0.032901 0.064991
0 0.387068 0.113060 0.025406 0.041398
0 0.336932 0.118616 0.025167 0.044139
0 0.293628 0.069671 0.019318 0.032287
0 0.325419 0.049139 0.014682 0.027000
0 0.292268 0.039861 0.016870 0.026907
0 0.324320 0.030463 0.016505 0.024333
0 0.353570 0.033222 0.015745 0.024907
0 0.317706 0.008852 0.013755 0.017704
0 0.241445 0.158995 0.029286 0.057491
