0 0.218841 0.801042 0.126995 0.278528
0 0.482711 0.436167 0.057474 0.134630
1 0.251854 0.339810 0.067979 0.130602
0 0.451703 0.259690 0.041594 0.077694
0 0.328516 0.399583 0.057344 0.117741
0 0.291680 0.163958 0.029464 0.048491
0 0.341247 0.141829 0.022047 0.044713
0 0.292471 0.100477 0.023370 0.038824
0 0.335341 0.099875 0.023255 0.037213
0 0.390729 0.113977 0.024292 0.039231
0 0.324672 0.049398 0.017281 0.030389
0 0.357948 0.043056 0.016958 0.026370
0 0.313940 0.005338 0.012057 0.010676
0 0.241409 0.159264 0.029286 0.057491
