0 0.165810 0.920856 0.138078 0.158287
0 0.487076 0.478593 0.062193 0.150722
1 0.237279 0.382343 0.077745 0.148500
0 0.458586 0.280949 0.043620 0.083306
0 0.314896 0.476741 0.067479 0.143407
0 0.290581 0.180194 0.031203 0.051889
0 0.342826 0.158102 0.023568 0.048019
0 0.292477 0.110065 0.024224 0.040963
0 0.336602 0.110856 0.024078 0.039565
0 0.396281 0.126231 0.025927 0.041519
0 0.325492 0.055921 0.018089 0.031546
0 0.361266 0.050162 0.017427 0.027528
0 0.314510 0.007083 0.012823 0.014167
0 0.241409 0.159264 0.029286 0.057491
