0 0.159339 0.902917 0.138854 0.194167
0 0.323656 0.385491 0.052990 0.111593
0 0.459565 0.304088 0.045255 0.091620
1 0.282516 0.225019 0.045385 0.090093
0 0.422122 0.186269 0.034245 0.058833
0 0.342990 0.227819 0.036219 0.070269
0 0.293401 0.114245 0.023677 0.038880
0 0.334792 0.092764 0.018219 0.034898
0 0.291956 0.069731 0.020505 0.032889
0 0.330609 0.063833 0.019979 0.030222
0 0.372146 0.073440 0.019625 0.031769
0 0.321039 0.028329 0.015911 0.025083
0 0.347870 0.019556 0.014125 0.022815
0 0.241409 0.159264 0.029286 0.057491
