0 0.239669 0.727852 0.113141 0.243537
0 0.480742 0.419435 0.055849 0.128870
1 0.257263 0.323051 0.064422 0.123731
0 0.448500 0.250875 0.040656 0.074935
0 0.332461 0.372602 0.053474 0.109185
0 0.292021 0.157324 0.028552 0.046981
0 0.340458 0.135310 0.021406 0.043194
0 0.292503 0.096463 0.023057 0.038074
0 0.334771 0.095431 0.022896 0.036324
0 0.388401 0.109056 0.023729 0.038352
0 0.324279 0.046829 0.017099 0.029917
0 0.356612 0.040278 0.016693 0.026148
0 0.313750 0.004653 0.011677 0.009306
0 0.241409 0.159264 0.029286 0.057491
