0 0.146120 0.919444 0.143490 0.161111
0 0.285510 0.511051 0.073562 0.150102
0 0.339237 0.260616 0.037984 0.076472
0 0.438216 0.228991 0.038620 0.070611
1 0.289359 0.170185 0.036958 0.073963
0 0.401068 0.141569 0.029167 0.049398
0 0.340286 0.158088 0.029604 0.053269
0 0.293807 0.087389 0.021229 0.034222
0 0.329419 0.065579 0.015859 0.031324
0 0.292216 0.051597 0.017901 0.029417
0 0.327107 0.043588 0.017734 0.026954
0 0.360956 0.049282 0.018286 0.027972
0 0.319495 0.015384 0.013979 0.023269
0 0.341474 0.008111 0.012740 0.016222
0 0.241411 0.159245 0.029292 0.057491
