0 0.161812 0.935741 0.131125 0.128519
0 0.488229 0.492005 0.063896 0.156324
1 0.232372 0.395801 0.081099 0.154324
0 0.460326 0.287282 0.044141 0.084602
0 0.310242 0.502241 0.070797 0.152926
0 0.290154 0.185125 0.031557 0.052806
0 0.343174 0.163157 0.024016 0.048870
0 0.292508 0.112889 0.024516 0.041722
0 0.336935 0.114227 0.024307 0.040343
0 0.397911 0.130028 0.026521 0.042259
0 0.325690 0.057986 0.018464 0.031898
0 0.362292 0.052431 0.017500 0.028102
0 0.314727 0.007639 0.012995 0.015278
0 0.241409 0.159264 0.029286 0.057491
