0 0.180471 0.891083 0.138651 0.217833
0 0.485917 0.465181 0.060490 0.145120
1 0.242188 0.368884 0.074396 0.142676
0 0.456846 0.274616 0.043099 0.082009
0 0.319552 0.451241 0.064167 0.133889
0 0.291008 0.175269 0.030849 0.050963
0 0.342477 0.153046 0.023120 0.047167
0 0.292445 0.107241 0.023932 0.040204
0 0.336268 0.107486 0.023849 0.038787
0 0.394651 0.122435 0.025333 0.040778
0 0.325294 0.053856 0.017714 0.031194
0 0.360240 0.047894 0.017354 0.026954
0 0.314297 0.006528 0.012646 0.013056
0 0.241409 0.159264 0.029286 0.057491
