0 0.172292 0.874028 0.139687 0.251944
0 0.293271 0.476602 0.067958 0.138389
0 0.339971 0.247144 0.036734 0.072602
0 0.434958 0.219880 0.037792 0.068500
1 0.289641 0.163727 0.036229 0.072102
0 0.398250 0.136130 0.028396 0.047333
0 0.339716 0.150144 0.028464 0.051380
0 0.293815 0.084000 0.020870 0.033556
0 0.328615 0.062454 0.015625 0.030574
0 0.292185 0.049306 0.017776 0.029056
0 0.326591 0.041157 0.017422 0.026426
0 0.359518 0.046009 0.017693 0.027444
0 0.319135 0.013898 0.013917 0.022796
0 0.340760 0.007162 0.012479 0.014324
0 0.241417 0.159199 0.029292 0.057491
