0 0.282354 0.531611 0.075750 0.150852
0 0.321406 0.327597 0.046354 0.089250
0 0.340755 0.187782 0.031302 0.059065
0 0.417615 0.174634 0.032896 0.056657
1 0.290982 0.131380 0.032099 0.063537
0 0.384693 0.107838 0.024781 0.040620
0 0.336227 0.111907 0.024734 0.042667
0 0.293542 0.066435 0.018958 0.032315
0 0.324740 0.046111 0.014479 0.026111
0 0.292331 0.037778 0.016589 0.026296
0 0.323789 0.027963 0.016380 0.023889
0 0.352266 0.030648 0.015469 0.024259
0 0.317401 0.007963 0.013740 0.015926
0 0.241453 0.158940 0.029292 0.057491
