0 0.140516 0.950546 0.120615 0.098907
0 0.318237 0.414009 0.057245 0.120648
0 0.462497 0.317102 0.046359 0.095574
1 0.280667 0.234722 0.047198 0.093259
0 0.425508 0.193708 0.034964 0.060583
0 0.342805 0.241495 0.037609 0.073194
0 0.293331 0.119037 0.024370 0.039741
0 0.335469 0.097222 0.018583 0.035741
0 0.292018 0.072806 0.020797 0.033241
0 0.331115 0.067398 0.020187 0.030833
0 0.373911 0.077491 0.020156 0.032352
0 0.321388 0.030546 0.016057 0.025500
0 0.348888 0.021815 0.014328 0.023148
0 0.241409 0.159264 0.029286 0.057491
