0 0.146604 0.933815 0.128365 0.132370
0 0.320396 0.403407 0.055552 0.117241
0 0.461552 0.312634 0.046010 0.094157
1 0.281331 0.231338 0.046536 0.092102
0 0.424383 0.191171 0.034693 0.059991
0 0.342953 0.236569 0.037115 0.072269
0 0.293375 0.117370 0.024125 0.039444
0 0.335260 0.095694 0.018458 0.035463
0 0.291992 0.071755 0.020724 0.033139
0 0.330956 0.066153 0.020130 0.030602
0 0.373310 0.076106 0.019922 0.032194
0 0.321245 0.029787 0.016042 0.025296
0 0.348555 0.021046 0.014255 0.023056
0 0.241409 0.159264 0.029286 0.057491
