0 0.289138 0.505227 0.071151 0.142361
0 0.322898 0.314995 0.044786 0.086287
0 0.340635 0.182042 0.030688 0.057843
0 0.415630 0.169750 0.032552 0.055759
1 0.291174 0.127921 0.031693 0.062491
0 0.383250 0.104736 0.024479 0.039898
0 0.335687 0.108093 0.024354 0.041741
0 0.293490 0.064648 0.018812 0.031704
0 0.324318 0.044463 0.014302 0.025926
0 0.292372 0.036435 0.016297 0.025833
0 0.323435 0.026574 0.016214 0.023630
0 0.351474 0.028852 0.015323 0.024074
0 0.317255 0.007509 0.013448 0.015019
0 0.241458 0.158912 0.029292 0.057491
