0 0.165984 0.888750 0.141583 0.222500
0 0.324758 0.378171 0.052120 0.109361
0 0.458523 0.300005 0.044849 0.090509
1 0.283039 0.222083 0.044911 0.089241
0 0.420990 0.183898 0.034062 0.058278
0 0.342878 0.223995 0.035818 0.069194
0 0.293380 0.112778 0.023469 0.038630
0 0.334531 0.091361 0.018104 0.034611
0 0.291945 0.068759 0.020359 0.032741
0 0.330422 0.062759 0.019885 0.030074
0 0.371583 0.072157 0.019563 0.031500
0 0.320979 0.027630 0.015792 0.025074
0 0.347518 0.018833 0.014068 0.022667
0 0.241409 0.159264 0.029286 0.057491
