0 0.172630 0.874583 0.144323 0.250833
0 0.325859 0.370856 0.051250 0.107120
0 0.457484 0.295921 0.044437 0.089398
1 0.283560 0.219144 0.044432 0.088398
0 0.419854 0.181523 0.033885 0.057731
0 0.342766 0.220171 0.035417 0.068120
0 0.293359 0.111315 0.023260 0.038370
0 0.334271 0.089958 0.017990 0.034324
0 0.291935 0.067782 0.020214 0.032602
0 0.330234 0.061685 0.019792 0.029926
0 0.371021 0.070875 0.019500 0.031231
0 0.320919 0.026931 0.015672 0.025065
0 0.347167 0.018111 0.014010 0.022519
0 0.241409 0.159264 0.029286 0.057491
