0 0.335206 0.258736 0.036339 0.070157
0 0.331594 0.179963 0.030000 0.053389
0 0.336107 0.109704 0.023349 0.041981
0 0.387854 0.104514 0.025479 0.041583
1 0.292534 0.083750 0.026276 0.049000
0 0.363937 0.063537 0.019594 0.031519
0 0.326914 0.058935 0.019526 0.031833
0 0.293599 0.039315 0.016302 0.026148
0 0.318792 0.021745 0.012271 0.020583
0 0.293396 0.018704 0.013438 0.021074
0 0.318414 0.009634 0.014266 0.016361
0 0.340706 0.008074 0.013120 0.013815
0 0.241529 0.158412 0.029286 0.057491
0 0.202680 0.826588 0.123755 0.275639
0 0.492630 0.854023 0.104937 0.291954
