0 0.265482 0.585611 0.086464 0.176741
0 0.336826 0.286921 0.041109 0.083231
0 0.443661 0.246153 0.039969 0.075435
1 0.288445 0.182833 0.038755 0.077741
0 0.405974 0.152005 0.030698 0.051583
0 0.341078 0.173806 0.031031 0.056574
0 0.293565 0.093532 0.021536 0.035306
0 0.330792 0.072028 0.016437 0.031870
0 0.292081 0.055806 0.018443 0.030352
0 0.327935 0.048306 0.018359 0.027833
0 0.363693 0.054981 0.018719 0.028630
0 0.319969 0.018343 0.014333 0.024056
0 0.342909 0.009815 0.013141 0.019630
0 0.241409 0.159264 0.029286 0.057491
