0 0.333393 0.278458 0.038286 0.074287
0 0.331560 0.192343 0.030932 0.055981
0 0.337076 0.116926 0.023880 0.043481
0 0.390917 0.111551 0.026333 0.043324
1 0.292536 0.088662 0.026948 0.050009
0 0.365945 0.068236 0.020068 0.032287
0 0.327966 0.063917 0.020130 0.033000
0 0.293586 0.042213 0.016641 0.026574
0 0.319307 0.024097 0.012240 0.021824
0 0.293354 0.020870 0.013437 0.021537
0 0.319018 0.011176 0.014516 0.017759
0 0.341867 0.009935 0.013505 0.016204
0 0.241518 0.158477 0.029286 0.057491
0 0.167331 0.896556 0.140182 0.206889
0 0.491674 0.875009 0.111443 0.249981
