0 0.274203 0.554074 0.080948 0.165370
0 0.337909 0.276014 0.039755 0.080491
0 0.441482 0.239093 0.039432 0.073370
1 0.288854 0.177588 0.037979 0.076157
0 0.403992 0.147694 0.030057 0.050833
0 0.340776 0.167269 0.030510 0.055241
0 0.293685 0.091023 0.021443 0.034880
0 0.330240 0.069324 0.016188 0.031722
0 0.292154 0.054083 0.018193 0.029944
0 0.327607 0.046352 0.018099 0.027481
0 0.362563 0.052676 0.018604 0.028389
0 0.319792 0.017111 0.014167 0.023741
0 0.342310 0.009120 0.012984 0.018241
0 0.241409 0.159264 0.029286 0.057491
