0 0.295919 0.478847 0.066547 0.133861
0 0.324391 0.302394 0.043208 0.083324
0 0.340516 0.176306 0.030073 0.056611
0 0.413646 0.164861 0.032208 0.054870
1 0.291367 0.124463 0.031286 0.061444
0 0.381807 0.101639 0.024177 0.039167
0 0.335151 0.104278 0.023969 0.040815
0 0.293438 0.062861 0.018667 0.031093
0 0.323896 0.042815 0.014125 0.025741
0 0.292414 0.035093 0.016005 0.025370
0 0.323081 0.025185 0.016047 0.023370
0 0.350682 0.027056 0.015177 0.023889
0 0.317112 0.007056 0.013161 0.014111
0 0.241461 0.158875 0.029286 0.057491
