0 0.143625 0.937167 0.126312 0.125667
0 0.278562 0.538306 0.078188 0.159685
0 0.338451 0.270560 0.039078 0.079120
0 0.440391 0.235560 0.039167 0.072343
1 0.289060 0.174963 0.037589 0.075370
0 0.403000 0.145537 0.029740 0.050463
0 0.340628 0.164000 0.030245 0.054574
0 0.293745 0.089773 0.021396 0.034657
0 0.329964 0.067972 0.016063 0.031648
0 0.292190 0.053222 0.018068 0.029741
0 0.327443 0.045375 0.017969 0.027306
0 0.361997 0.051523 0.018547 0.028269
0 0.319703 0.016495 0.014083 0.023583
0 0.342010 0.008773 0.012906 0.017546
0 0.241409 0.159264 0.029286 0.057491
