0 0.334508 0.267940 0.037172 0.071972
0 0.331630 0.185833 0.030396 0.054500
0 0.336654 0.113181 0.023547 0.042620
0 0.389331 0.107917 0.025901 0.042519
1 0.292547 0.086171 0.026604 0.049454
0 0.364891 0.065870 0.019792 0.031741
0 0.327430 0.061250 0.019870 0.032463
0 0.293578 0.040759 0.016510 0.026370
0 0.318990 0.022866 0.012250 0.021306
0 0.293375 0.019782 0.013437 0.021306
0 0.318716 0.010403 0.014391 0.017065
0 0.341286 0.009005 0.013312 0.015009
0 0.241523 0.158449 0.029286 0.057491
0 0.185180 0.868870 0.133432 0.262259
0 0.491992 0.864519 0.108234 0.270963
