0 0.292529 0.492037 0.068849 0.138111
0 0.323643 0.308699 0.043995 0.084806
0 0.340576 0.179176 0.030380 0.057222
0 0.414638 0.167306 0.032380 0.055315
1 0.291271 0.126194 0.031490 0.061963
0 0.382529 0.103190 0.024328 0.039528
0 0.335419 0.106185 0.024161 0.041278
0 0.293464 0.063755 0.018740 0.031398
0 0.324107 0.043639 0.014214 0.025833
0 0.292393 0.035764 0.016151 0.025602
0 0.323258 0.025880 0.016130 0.023500
0 0.351078 0.027954 0.015250 0.023981
0 0.317185 0.007282 0.013307 0.014565
0 0.241461 0.158894 0.029286 0.057491
