0 0.232857 0.751403 0.117755 0.255213
0 0.481398 0.425014 0.056391 0.130787
1 0.255461 0.328639 0.065609 0.126019
0 0.449568 0.253815 0.040969 0.075852
0 0.331318 0.381231 0.054760 0.112037
0 0.291906 0.159537 0.028854 0.047481
0 0.340721 0.137481 0.021620 0.043704
0 0.292492 0.097801 0.023161 0.038324
0 0.334961 0.096912 0.023016 0.036620
0 0.389177 0.110699 0.023917 0.038639
0 0.324409 0.047685 0.017161 0.030074
0 0.357057 0.041204 0.016781 0.026222
0 0.313812 0.004880 0.011802 0.009759
0 0.241409 0.159264 0.029286 0.057491
