0 0.249815 0.642565 0.097068 0.199167
0 0.335201 0.303282 0.043141 0.087343
0 0.446930 0.256741 0.040776 0.078537
1 0.287828 0.190699 0.039927 0.080120
0 0.408948 0.158468 0.031656 0.052713
0 0.341526 0.183606 0.031823 0.058583
0 0.293388 0.097296 0.021672 0.035944
0 0.331620 0.076083 0.016812 0.032093
0 0.291971 0.058389 0.018818 0.030963
0 0.328427 0.051236 0.018750 0.028361
0 0.365388 0.058440 0.018891 0.028991
0 0.320234 0.020190 0.014583 0.024528
0 0.343807 0.011319 0.013375 0.020787
0 0.241409 0.159264 0.029286 0.057491
