0 0.326503 0.331741 0.044568 0.086889
0 0.330750 0.224528 0.034000 0.064278
0 0.338411 0.135028 0.025990 0.048278
0 0.398555 0.128907 0.028307 0.046444
1 0.292383 0.100171 0.028568 0.052991
0 0.371148 0.079028 0.021661 0.036204
0 0.330474 0.077500 0.020927 0.035000
0 0.293750 0.048796 0.016875 0.027407
0 0.321276 0.030139 0.012240 0.023241
0 0.293255 0.025736 0.013438 0.022583
0 0.320378 0.014630 0.015078 0.020926
0 0.344479 0.014120 0.014375 0.021574
0 0.241497 0.158625 0.029286 0.057491
0 0.490646 0.937361 0.098656 0.125278
