0 0.239534 0.677722 0.101109 0.207444
0 0.311669 0.390532 0.054255 0.109824
0 0.340299 0.215750 0.033641 0.063722
0 0.426279 0.196250 0.035484 0.062759
1 0.290359 0.146921 0.034250 0.067417
0 0.391026 0.121764 0.026448 0.042694
0 0.338107 0.129792 0.025891 0.046602
0 0.293771 0.075065 0.019917 0.032241
0 0.326552 0.054185 0.015021 0.028481
0 0.292164 0.043333 0.017339 0.027926
0 0.325206 0.034630 0.016714 0.025074
0 0.355740 0.037523 0.016208 0.025991
0 0.318214 0.010333 0.013781 0.020667
0 0.241435 0.159069 0.029286 0.057491
