0 0.328799 0.313981 0.042474 0.082685
0 0.331018 0.213801 0.032974 0.061509
0 0.337966 0.128995 0.025286 0.046676
0 0.396008 0.123120 0.027651 0.045407
1 0.292435 0.096333 0.028026 0.052000
0 0.369414 0.075431 0.021130 0.034898
0 0.329638 0.072972 0.020661 0.034333
0 0.293695 0.046602 0.016797 0.027130
0 0.320620 0.028125 0.012240 0.022769
0 0.293286 0.024116 0.013437 0.022231
0 0.319924 0.013477 0.014891 0.019880
0 0.343609 0.012727 0.014083 0.019787
0 0.241505 0.158579 0.029292 0.057491
0 0.491031 0.915944 0.104042 0.168111
