0 0.331096 0.296222 0.040380 0.078481
0 0.331289 0.203069 0.031953 0.058750
0 0.337521 0.122963 0.024583 0.045074
0 0.393464 0.117333 0.026990 0.044370
1 0.292484 0.092500 0.027490 0.051000
0 0.367680 0.071833 0.020599 0.033593
0 0.328802 0.068444 0.020396 0.033667
0 0.293641 0.044407 0.016719 0.026852
0 0.319964 0.026111 0.012240 0.022296
0 0.293323 0.022491 0.013438 0.021889
0 0.319471 0.012324 0.014703 0.018815
0 0.342737 0.011329 0.013797 0.017991
0 0.241513 0.158523 0.029286 0.057491
0 0.143641 0.945931 0.138281 0.108139
0 0.491417 0.894528 0.109417 0.210944
