0 0.253294 0.680750 0.103901 0.220222
0 0.479430 0.408282 0.054766 0.125028
1 0.260870 0.311880 0.062052 0.119148
0 0.446362 0.244995 0.040036 0.073102
0 0.334750 0.355347 0.050896 0.103491
0 0.292250 0.152903 0.027948 0.045972
0 0.339930 0.130963 0.020984 0.042185
0 0.292523 0.093787 0.022849 0.037574
0 0.334391 0.092468 0.022656 0.035731
0 0.386849 0.105778 0.023354 0.037759
0 0.324018 0.045116 0.016974 0.029602
0 0.355724 0.038426 0.016510 0.026000
0 0.313625 0.004194 0.011427 0.008389
0 0.241409 0.159264 0.029286 0.057491
