0 0.330331 0.302139 0.041078 0.079889
0 0.331201 0.206648 0.032297 0.059667
0 0.337669 0.124972 0.024818 0.045611
0 0.394313 0.119264 0.027208 0.044713
1 0.292469 0.093778 0.027667 0.051333
0 0.368258 0.073032 0.020776 0.034028
0 0.329081 0.069954 0.020484 0.033889
0 0.293659 0.045139 0.016745 0.026944
0 0.320182 0.026782 0.012240 0.022454
0 0.293312 0.023028 0.013437 0.022000
0 0.319622 0.012713 0.014766 0.019167
0 0.343029 0.011796 0.013891 0.018593
0 0.241510 0.158542 0.029292 0.057491
0 0.143641 0.945931 0.138281 0.108139
0 0.491292 0.901667 0.107625 0.196667
