0 0.303997 0.444519 0.060745 0.123074
0 0.326112 0.285324 0.040849 0.078889
0 0.340333 0.167699 0.029156 0.054769
0 0.410669 0.157537 0.031693 0.053519
1 0.291659 0.119273 0.030672 0.059880
0 0.379643 0.096986 0.023724 0.038083
0 0.334344 0.098551 0.023396 0.039435
0 0.293359 0.060181 0.018448 0.030176
0 0.323263 0.040343 0.013859 0.025463
0 0.292477 0.033079 0.015568 0.024676
0 0.322549 0.023102 0.015797 0.022981
0 0.349495 0.024361 0.014958 0.023611
0 0.316893 0.006380 0.012724 0.012759
0 0.241469 0.158829 0.029292 0.057491
