0 0.328034 0.319898 0.043172 0.084093
0 0.330930 0.217375 0.033318 0.062435
0 0.338115 0.131005 0.025521 0.047213
0 0.396857 0.125051 0.027870 0.045750
1 0.292417 0.097611 0.028208 0.052333
0 0.369992 0.076630 0.021307 0.035333
0 0.329917 0.074481 0.020750 0.034556
0 0.293714 0.047333 0.016823 0.027222
0 0.320839 0.028796 0.012240 0.022926
0 0.293276 0.024657 0.013437 0.022352
0 0.320076 0.013861 0.014953 0.020222
0 0.343898 0.013190 0.014182 0.020380
0 0.241503 0.158588 0.029286 0.057491
0 0.490904 0.923083 0.102245 0.153833
