0 0.226839 0.719685 0.108469 0.223222
0 0.308794 0.407704 0.056755 0.114963
0 0.340187 0.222745 0.034229 0.064880
0 0.428443 0.201653 0.036135 0.064287
1 0.290203 0.150806 0.034781 0.068389
0 0.392609 0.125245 0.026865 0.043213
0 0.338576 0.134259 0.026182 0.047593
0 0.293828 0.077222 0.020156 0.032222
0 0.327005 0.056204 0.015156 0.029074
0 0.292122 0.044722 0.017526 0.028333
0 0.325560 0.036296 0.016797 0.025370
0 0.356651 0.039468 0.016500 0.026380
0 0.318417 0.010926 0.013792 0.021852
0 0.339336 0.005264 0.011964 0.010528
0 0.241430 0.159106 0.029286 0.057491
