0 0.226042 0.774954 0.122375 0.266870
0 0.482055 0.430588 0.056932 0.132713
1 0.253656 0.334227 0.066792 0.128306
0 0.450635 0.256755 0.041281 0.076769
0 0.330174 0.389856 0.056057 0.114880
0 0.291794 0.161750 0.029161 0.047981
0 0.340984 0.139657 0.021833 0.044204
0 0.292482 0.099139 0.023266 0.038574
0 0.335151 0.098394 0.023135 0.036917
0 0.389953 0.112338 0.024104 0.038935
0 0.324542 0.048542 0.017219 0.030231
0 0.357503 0.042130 0.016870 0.026296
0 0.313878 0.005111 0.011932 0.010222
0 0.241409 0.159264 0.029286 0.057491
