0 0.327268 0.325819 0.043870 0.085491
0 0.330839 0.220954 0.033656 0.063352
0 0.338263 0.133014 0.025755 0.047750
0 0.397706 0.126977 0.028089 0.046102
1 0.292401 0.098889 0.028385 0.052667
0 0.370570 0.077829 0.021484 0.035769
0 0.330195 0.075991 0.020839 0.034778
0 0.293732 0.048065 0.016849 0.027315
0 0.321057 0.029468 0.012240 0.023083
0 0.293266 0.025194 0.013438 0.022463
0 0.320227 0.014245 0.015016 0.020583
0 0.344190 0.013657 0.014276 0.020981
0 0.241500 0.158606 0.029292 0.057491
0 0.490773 0.930222 0.100453 0.139556
