0 0.329565 0.308060 0.041776 0.081287
0 0.331109 0.210222 0.032635 0.060593
0 0.337818 0.126981 0.025052 0.046148
0 0.395161 0.121190 0.027427 0.045065
1 0.292451 0.095056 0.027849 0.051667
0 0.368836 0.074231 0.020953 0.034463
0 0.329359 0.071463 0.020573 0.034111
0 0.293677 0.045870 0.016771 0.027037
0 0.320401 0.027454 0.012240 0.022611
0 0.293297 0.023569 0.013437 0.022120
0 0.319773 0.013093 0.014828 0.019519
0 0.343318 0.012259 0.013990 0.019185
0 0.241508 0.158560 0.029286 0.057491
0 0.491161 0.908806 0.105833 0.182389
