0 0.218495 0.748065 0.113365 0.236667
0 0.306206 0.419185 0.058620 0.118870
0 0.340193 0.226727 0.034646 0.066176
0 0.429529 0.204694 0.036411 0.064981
1 0.290109 0.152958 0.035021 0.069009
0 0.393549 0.127060 0.027120 0.043898
0 0.338766 0.136907 0.026562 0.048222
0 0.293826 0.078352 0.020276 0.032444
0 0.327273 0.057245 0.015234 0.029324
0 0.292133 0.045486 0.017568 0.028454
0 0.325732 0.037106 0.016901 0.025546
0 0.357130 0.040560 0.016698 0.026565
0 0.318536 0.011421 0.013812 0.022009
0 0.339576 0.005583 0.012047 0.011167
0 0.241430 0.159116 0.029286 0.057491
