0 0.260109 0.657204 0.099281 0.208556
0 0.478771 0.402708 0.054229 0.123102
1 0.262672 0.306296 0.060865 0.116852
0 0.445294 0.242060 0.039724 0.072176
0 0.335896 0.346718 0.049604 0.100639
0 0.292365 0.150690 0.027646 0.045472
0 0.339667 0.128792 0.020771 0.041676
0 0.292534 0.092449 0.022745 0.037324
0 0.334201 0.090986 0.022536 0.035435
0 0.386073 0.104134 0.023167 0.037472
0 0.323888 0.044259 0.016911 0.029444
0 0.355279 0.037500 0.016422 0.025926
0 0.313562 0.003968 0.011302 0.007935
0 0.241409 0.159264 0.029286 0.057491
