0 0.157292 0.905185 0.137187 0.189630
0 0.288099 0.499569 0.071698 0.146194
0 0.339482 0.256125 0.037568 0.075176
0 0.437130 0.225954 0.038344 0.069907
1 0.289453 0.168032 0.036719 0.073343
0 0.400128 0.139755 0.028911 0.048713
0 0.340096 0.155440 0.029224 0.052639
0 0.293810 0.086259 0.021109 0.034000
0 0.329151 0.064537 0.015781 0.031074
0 0.292206 0.050833 0.017859 0.029296
0 0.326935 0.042778 0.017630 0.026778
0 0.360477 0.048190 0.018089 0.027787
0 0.319375 0.014889 0.013958 0.023111
0 0.341237 0.007792 0.012651 0.015583
0 0.241414 0.159231 0.029286 0.057500
