0 0.193471 0.833218 0.128057 0.276991
0 0.298445 0.453634 0.064224 0.130583
0 0.340211 0.238671 0.035901 0.070028
0 0.432786 0.213806 0.037240 0.067093
1 0.289828 0.159421 0.035750 0.070861
0 0.396370 0.132500 0.027885 0.045963
0 0.339336 0.144852 0.027703 0.050111
0 0.293820 0.081741 0.020630 0.033111
0 0.328078 0.060370 0.015469 0.030074
0 0.292164 0.047778 0.017693 0.028815
0 0.326247 0.039537 0.017214 0.026074
0 0.358565 0.043829 0.017297 0.027083
0 0.318896 0.012907 0.013875 0.022481
0 0.340289 0.006528 0.012307 0.013056
0 0.241422 0.159171 0.029292 0.057491
